module.features.0.weight Parameter containing:
tensor([[[[-0.0071,  0.1438,  0.0025],
          [ 0.1238,  0.0782, -0.1425],
          [ 0.0842, -0.1244, -0.0823]],

         [[ 0.0842,  0.1787, -0.0329],
          [ 0.1776,  0.0698, -0.1960],
          [ 0.0714, -0.1829, -0.1435]],

         [[ 0.0334,  0.1409, -0.0481],
          [ 0.1391,  0.0558, -0.1802],
          [ 0.0605, -0.1622, -0.1289]]],


        [[[ 0.3602,  0.3662,  0.1703],
          [ 0.2993, -0.0297, -0.3023],
          [-0.0941, -0.3638, -0.3341]],

         [[ 0.0542,  0.0944,  0.0492],
          [ 0.0927, -0.0561, -0.1585],
          [-0.0486, -0.1512, -0.0797]],

         [[-0.3077, -0.1742, -0.0069],
          [-0.1158,  0.0020,  0.1159],
          [ 0.0535,  0.2007,  0.3351]]],


        [[[-0.0270, -0.0968, -0.0709],
          [-0.0939, -0.1491, -0.1236],
          [-0.0315, -0.0798, -0.0533]],

         [[-0.0743, -0.1100, -0.0985],
          [-0.1214, -0.1508, -0.1439],
          [-0.1083, -0.1447, -0.1358]],

         [[ 0.1656,  0.1933,  0.1708],
          [ 0.1667,  0.1910,  0.1680],
          [ 0.1484,  0.1619,  0.1427]]],


        ...,


        [[[-0.0079, -0.1396,  0.0302],
          [ 0.0537, -0.1021,  0.1084],
          [ 0.0106, -0.1412,  0.0527]],

         [[ 0.0447, -0.0984,  0.0689],
          [ 0.1037, -0.0664,  0.1440],
          [ 0.0507, -0.1133,  0.0792]],

         [[ 0.0429, -0.0964,  0.0386],
          [ 0.1107, -0.0534,  0.1164],
          [ 0.0610, -0.1033,  0.0457]]],


        [[[-0.2089,  0.1771,  0.2538],
          [ 0.0500, -0.5244,  0.1896],
          [ 0.1948,  0.0562, -0.2032]],

         [[-0.2291,  0.0968,  0.2054],
          [ 0.1153, -0.5543,  0.1023],
          [ 0.2987,  0.1134, -0.2641]],

         [[-0.2287,  0.1208,  0.1861],
          [ 0.0747, -0.4889,  0.1398],
          [ 0.2258,  0.1164, -0.2126]]],


        [[[-0.1522, -0.1924, -0.1637],
          [-0.2176, -0.2466, -0.2250],
          [-0.2058, -0.2555, -0.1975]],

         [[ 0.3249,  0.3798,  0.3553],
          [ 0.4817,  0.5716,  0.5022],
          [ 0.4381,  0.4934,  0.4508]],

         [[-0.1733, -0.2191, -0.1956],
          [-0.2838, -0.3505, -0.2979],
          [-0.2391, -0.3128, -0.2299]]]], device='cuda:0', requires_grad=True)
module.features.0.bias Parameter containing:
tensor([-0.2789, -0.1515,  0.1272, -0.1029, -0.0089, -0.2560, -0.2046,  0.3092,
        -0.0207, -0.3250, -0.2067, -0.0774, -0.0807, -0.0503, -0.0917, -0.1476,
        -0.3181, -0.0914, -0.3455, -0.1030, -0.2919, -0.0965, -0.1540, -0.0911,
        -0.2273, -0.1377, -0.0284, -0.4946, -0.1297, -0.5257, -0.1676, -0.1987,
        -0.2462, -0.2056, -0.0219, -0.4854, -0.1761, -0.3428, -0.0768, -0.2633,
        -0.0139, -0.1401, -0.0556, -0.1281, -0.1659, -0.3229, -0.3202, -0.1179,
         0.1712, -0.1227, -0.3235, -0.0226, -0.0459, -0.3094, -0.0499, -0.0506,
        -0.1423, -0.0343, -0.0831, -0.0431,  0.2946, -0.1499, -0.2057,  0.4520],
       device='cuda:0', requires_grad=True)
module.features.3.weight Parameter containing:
tensor([[[[-9.0494e-03, -6.6135e-03, -1.6905e-02],
          [ 1.0777e-02, -1.7510e-02, -2.0350e-02],
          [-2.6374e-02, -1.4453e-02, -7.9843e-03]],

         [[ 1.9899e-02,  2.4197e-02,  2.1554e-02],
          [ 1.3535e-02, -6.2458e-03, -1.3900e-02],
          [-4.2256e-02, -2.5156e-02, -2.0354e-02]],

         [[ 2.7421e-03, -1.5937e-02,  7.2579e-03],
          [ 5.3926e-02,  3.2456e-02,  4.8730e-02],
          [ 4.7845e-02,  4.3495e-02,  4.1636e-02]],

         ...,

         [[ 6.2740e-03, -6.7610e-04,  8.7823e-03],
          [-1.4735e-02, -1.5619e-02, -1.0043e-02],
          [-1.2458e-02, -6.4752e-03, -5.8782e-04]],

         [[-5.7871e-02, -2.9000e-02,  1.4285e-02],
          [-2.9509e-02, -5.1092e-02, -2.0210e-02],
          [ 9.2927e-02,  1.3675e-02, -3.9644e-02]],

         [[ 8.0921e-02,  4.6807e-02,  1.1257e-01],
          [-1.9131e-02, -6.1858e-02, -5.5567e-03],
          [-1.9368e-02, -5.8211e-02, -1.6368e-02]]],


        [[[-1.0815e-02,  5.9528e-04,  3.1739e-02],
          [-1.3847e-02,  2.3566e-02,  3.3660e-02],
          [ 2.6860e-02, -4.4275e-03, -3.4515e-02]],

         [[-2.7519e-02, -2.4485e-02, -4.7298e-03],
          [ 2.7261e-03,  7.0313e-02,  1.4009e-02],
          [ 4.0959e-02,  2.7488e-02, -8.3548e-03]],

         [[-2.4072e-02, -3.7244e-02, -3.5630e-02],
          [-2.0043e-02, -6.4813e-03, -2.1759e-02],
          [ 1.2384e-02,  3.4746e-02, -3.7384e-03]],

         ...,

         [[ 7.1250e-03,  1.1249e-02,  1.6318e-02],
          [-4.0963e-03, -6.2305e-03,  3.3785e-03],
          [-6.5343e-03, -4.1475e-03,  2.4481e-03]],

         [[-7.6178e-03, -5.1154e-02, -1.5139e-02],
          [ 9.3895e-02,  3.1368e-02, -5.1843e-02],
          [-8.1888e-03,  1.4276e-02,  3.4900e-02]],

         [[ 5.0073e-02,  9.4195e-02,  2.2948e-02],
          [ 1.7933e-02, -4.6670e-02, -2.4777e-02],
          [-8.5501e-03, -1.2130e-01,  8.8796e-03]]],


        [[[ 2.3348e-02,  2.3140e-02, -1.1841e-02],
          [-2.2646e-02, -3.7842e-03, -8.2461e-03],
          [-3.7275e-02,  1.3691e-03, -1.1573e-02]],

         [[ 5.2980e-02,  5.9222e-02,  1.7209e-02],
          [ 1.3569e-02,  2.5496e-02,  1.9450e-02],
          [-1.0477e-02,  9.1182e-03,  4.9076e-03]],

         [[-1.0998e-02, -1.0202e-03,  3.2762e-02],
          [ 8.9717e-03,  2.7996e-02,  3.6080e-02],
          [ 2.1214e-02,  4.6922e-03,  1.5402e-02]],

         ...,

         [[-3.7845e-02, -1.3668e-02,  1.6588e-02],
          [-3.8962e-02, -1.6382e-02,  7.3863e-03],
          [-3.5485e-02, -1.3713e-02,  9.5185e-03]],

         [[-4.3497e-02, -6.5383e-02, -4.0926e-02],
          [ 2.4082e-02, -1.5635e-02, -2.5942e-02],
          [ 7.3161e-02,  7.6158e-03, -2.1857e-02]],

         [[-8.1081e-02,  3.4130e-02,  9.4923e-02],
          [-4.8277e-02,  9.0931e-02,  1.5741e-02],
          [ 4.4855e-03, -3.2721e-02,  1.0415e-03]]],


        ...,


        [[[-6.1995e-03, -1.5118e-02, -1.7942e-04],
          [-9.7438e-03, -3.8700e-03, -2.3732e-02],
          [-2.3017e-03,  4.9759e-03, -3.0396e-02]],

         [[-1.6552e-02, -3.1074e-03,  5.9725e-02],
          [ 1.5785e-02,  1.2065e-02,  5.9412e-02],
          [ 6.9219e-04,  5.1995e-02,  8.4634e-03]],

         [[ 3.6441e-03, -1.0656e-02,  1.6616e-02],
          [-2.4784e-02, -3.5380e-02,  2.2922e-02],
          [-3.0528e-02, -3.5768e-02,  6.1550e-03]],

         ...,

         [[ 1.9269e-02, -6.4312e-03, -1.3168e-02],
          [ 1.8338e-02, -1.0782e-02, -3.6889e-03],
          [ 1.0199e-02,  1.2488e-03, -5.9684e-03]],

         [[-1.3476e-02, -3.4651e-02,  2.3666e-02],
          [-3.1411e-02, -1.0838e-01, -5.4933e-03],
          [-1.8548e-02, -6.8089e-02,  5.0921e-02]],

         [[-5.7085e-03, -1.8966e-02,  2.0026e-02],
          [ 1.0772e-03,  8.2832e-03,  3.7223e-02],
          [ 1.9664e-02,  1.4671e-02,  2.5204e-02]]],


        [[[ 7.2328e-02, -1.2482e-02,  1.0922e-02],
          [ 4.0355e-02, -2.2366e-02,  2.7831e-02],
          [ 1.9970e-04,  3.9707e-02,  6.6604e-03]],

         [[ 7.6251e-02,  2.1994e-03, -1.1707e-03],
          [ 4.7948e-02, -9.0323e-02,  3.8438e-02],
          [-1.9473e-02, -2.6089e-02,  9.7938e-03]],

         [[ 1.3402e-02,  1.1202e-02, -8.2081e-03],
          [-7.2867e-03, -2.2796e-02, -1.4198e-02],
          [-2.9373e-02, -1.4316e-02, -4.1499e-03]],

         ...,

         [[ 1.9265e-03, -8.8079e-03,  1.1347e-02],
          [-1.7005e-02, -7.0587e-03, -1.8267e-03],
          [-2.2865e-02, -1.8697e-02,  1.4194e-04]],

         [[-3.0586e-02,  9.6152e-02, -9.4014e-03],
          [-3.3527e-02,  1.7607e-01, -6.9186e-02],
          [ 7.2383e-02, -2.7501e-02, -4.3923e-02]],

         [[ 1.2413e-02, -2.3092e-02,  2.4142e-02],
          [-1.5091e-02, -5.6563e-02,  5.7374e-02],
          [-1.2505e-02, -4.4824e-02,  1.8267e-02]]],


        [[[-1.4024e-02, -3.0824e-02, -2.0704e-02],
          [-2.1509e-02, -2.5064e-02, -9.5519e-03],
          [-3.6978e-03,  1.5187e-02,  1.2026e-02]],

         [[ 3.4418e-03, -1.3419e-03,  2.1485e-02],
          [-8.4143e-03, -6.6032e-03,  1.5252e-02],
          [ 2.7652e-02,  2.6808e-02,  4.8589e-02]],

         [[-2.3442e-03, -1.1680e-02,  1.5849e-04],
          [ 1.9653e-02,  8.5951e-03,  2.1626e-02],
          [ 3.2010e-02,  6.9987e-03,  4.0150e-02]],

         ...,

         [[-9.5823e-03, -5.7372e-03, -2.2065e-03],
          [-1.1087e-02, -1.4425e-02, -4.1375e-03],
          [-2.4456e-03, -1.3945e-03, -6.8689e-03]],

         [[-3.3270e-02, -2.7930e-02, -9.0516e-03],
          [ 1.0608e-02,  1.4358e-02,  6.0966e-03],
          [ 5.8013e-02,  3.7137e-02, -7.2175e-03]],

         [[ 8.0595e-03, -2.0085e-02,  3.6350e-03],
          [ 1.2616e-02, -1.7720e-02, -1.8482e-02],
          [ 2.7256e-02,  2.4566e-02,  3.9210e-02]]]], device='cuda:0',
       requires_grad=True)
module.features.3.bias Parameter containing:
tensor([ 1.0285e-01, -6.1113e-02, -5.7144e-02, -9.2470e-02, -5.8616e-02,
        -4.1346e-02,  1.0773e-01, -1.1342e-01,  4.3218e-03,  3.5654e-01,
         9.6797e-02, -4.0704e-02,  4.6222e-01,  7.6354e-02, -8.5166e-02,
        -6.4646e-02,  9.4344e-02, -2.9736e-02, -4.8346e-02, -1.6594e-02,
         2.1306e-02,  1.8109e-02, -9.2076e-02, -8.5795e-02,  7.7709e-03,
        -8.9590e-02, -1.7842e-02,  1.2988e-04,  9.5455e-02,  8.7155e-03,
         1.6903e-01, -1.2754e-01, -2.5793e-02,  3.4298e-02, -5.3091e-02,
         1.0343e-01,  4.0107e-02, -8.8453e-02, -7.2951e-02,  2.7688e-02,
         1.1161e-02, -2.1235e-02, -2.7108e-02, -1.1195e-10, -1.4774e-03,
         4.2431e-02,  2.5216e-02,  1.1870e-01,  2.2294e-02, -2.0509e-02,
        -1.9022e-02, -3.4381e-02,  4.7144e-02,  8.9438e-02,  7.9497e-03,
        -5.1119e-02,  1.3097e-01,  6.3893e-02,  1.2062e-02,  6.0542e-02,
         2.3606e-03, -1.4582e-01, -6.3126e-02,  8.1341e-03, -3.9653e-02,
        -6.4463e-02, -7.3811e-02,  6.8984e-02,  5.0905e-02, -6.9641e-02,
        -1.8771e-01, -1.5579e-02, -6.8073e-04,  1.8856e-01, -1.0673e-01,
         1.2540e-01, -6.5842e-02, -1.1373e-10,  5.7950e-02, -1.3413e-01,
        -6.2812e-02,  1.1272e-01, -1.4326e-02,  6.0957e-02, -5.3914e-02,
        -1.0021e-01,  8.3230e-02, -4.1381e-02, -8.1095e-02, -7.4496e-02,
        -6.1785e-03, -1.2725e-02,  1.3806e-02,  8.0471e-02, -1.7553e-02,
         1.4355e-01, -8.7999e-02,  6.1282e-02,  5.6151e-02, -4.8264e-02,
        -5.2551e-02,  5.2128e-03,  1.2978e-02, -1.0150e-01,  8.0129e-02,
        -3.4662e-02,  1.6011e-01,  4.5553e-02,  8.7794e-02, -1.8025e-02,
        -1.5123e-01,  1.0340e-01, -1.1025e-01,  7.3401e-02, -1.4111e-10,
        -1.4517e-01,  8.4455e-09,  4.1783e-03, -1.2208e-02, -1.9945e-02,
        -9.4793e-02, -2.2485e-02, -4.4081e-03, -4.0900e-03, -1.3190e-06,
        -2.5550e-02,  3.8650e-03,  2.3517e-02, -3.0204e-02,  4.1898e-02,
        -1.0977e-01, -4.3387e-02,  7.2798e-02, -1.1533e-01, -1.7180e-08,
        -1.1809e-01, -8.5784e-02, -3.3704e-02, -5.7086e-02,  9.8694e-02,
         4.7297e-02,  2.2981e-03, -4.1609e-02, -7.9000e-02, -1.9379e-01,
         1.3197e-02, -4.1888e-03,  2.7528e-02, -9.9791e-04,  6.0486e-03,
         2.7507e-02,  3.2814e-02, -1.8775e-02, -1.4042e-02, -3.4876e-02,
        -9.0987e-02, -1.1541e-01,  5.0407e-03, -2.4181e-02, -7.6929e-02,
         7.6834e-02, -8.0680e-02, -4.8211e-03, -2.6079e-02, -4.0741e-02,
        -1.0037e-01,  1.8856e-01,  3.6474e-02,  1.1444e-02,  2.9754e-02,
         7.0028e-02, -2.5856e-02,  3.9662e-03, -4.9839e-02, -1.4147e-01,
        -4.4447e-02, -8.8473e-02, -1.3460e-02,  2.7257e-02, -6.4937e-02,
         1.5869e-01, -7.4944e-02,  9.8280e-03, -7.8599e-03, -8.8808e-02,
        -4.3673e-02,  6.4218e-02,  8.1013e-02,  1.1455e-02,  7.3184e-02,
        -2.0310e-01, -3.3195e-04], device='cuda:0', requires_grad=True)
module.features.6.weight Parameter containing:
tensor([[[[ 3.2702e-02,  2.5714e-02,  1.2541e-02],
          [ 3.5201e-02, -1.0576e-02, -2.8394e-02],
          [-2.3135e-03, -3.3110e-02, -1.2509e-02]],

         [[-4.4287e-03, -3.1172e-03, -5.1246e-04],
          [-6.2202e-04, -1.9648e-02, -1.6329e-02],
          [ 1.2844e-02,  1.8969e-02, -1.5792e-02]],

         [[ 1.0865e-02, -1.1537e-02, -6.9689e-03],
          [ 1.7857e-02, -7.2238e-03, -1.9466e-02],
          [-2.0209e-02, -1.2813e-02,  8.0032e-03]],

         ...,

         [[ 4.8211e-03,  3.7577e-04, -6.8159e-03],
          [ 1.6179e-02,  2.5817e-03,  1.4044e-02],
          [-7.7967e-03,  6.9945e-03,  7.8723e-03]],

         [[-9.2517e-03,  5.8753e-03,  3.4388e-03],
          [-6.9623e-03,  1.8006e-02, -3.8854e-03],
          [-1.6334e-02, -2.9380e-02,  6.2627e-04]],

         [[-2.4984e-02,  3.4255e-04,  1.0375e-02],
          [-2.8391e-02,  6.0428e-03,  7.0527e-03],
          [-2.0214e-02,  2.7646e-03,  1.8781e-02]]],


        [[[ 2.9346e-03,  1.1245e-03, -1.1538e-02],
          [ 1.4699e-02,  5.7065e-03,  3.3929e-03],
          [-1.2109e-02, -9.1334e-03,  1.9959e-02]],

         [[-5.7461e-03,  1.1085e-02,  1.5076e-02],
          [ 1.2832e-02,  9.9015e-03, -1.0030e-02],
          [-1.4821e-02, -4.7522e-03,  1.0612e-02]],

         [[-1.9667e-04, -8.4560e-03,  9.1458e-03],
          [-7.7778e-04,  6.7616e-03,  1.9749e-02],
          [ 1.3002e-02,  1.3309e-02, -7.8256e-04]],

         ...,

         [[-7.6263e-04,  8.5139e-03, -4.1294e-03],
          [-1.3634e-02, -2.0345e-02, -2.4823e-02],
          [-2.8956e-03, -1.1086e-02,  4.2239e-03]],

         [[-2.4461e-04,  4.9050e-03, -1.2907e-02],
          [ 6.2065e-03, -7.3489e-03, -1.2522e-02],
          [ 7.0452e-03, -1.0671e-03, -5.9534e-03]],

         [[ 9.4890e-04, -5.5999e-03, -1.5294e-02],
          [ 2.0233e-02,  7.8762e-03, -1.4258e-02],
          [ 8.7018e-03, -3.8420e-03, -1.3755e-02]]],


        [[[-1.3398e-11, -6.5017e-12,  1.2329e-11],
          [-4.1054e-12,  4.8225e-12, -1.1947e-12],
          [-1.5131e-11, -3.6149e-11, -3.3955e-11]],

         [[-1.7620e-11,  1.9015e-12, -5.0749e-12],
          [ 1.2973e-11, -4.4828e-12,  2.4252e-12],
          [-4.5058e-12,  3.6574e-12, -6.8530e-12]],

         [[-2.4504e-11, -1.6146e-11, -1.7092e-11],
          [-2.5144e-11, -1.3565e-11, -3.3026e-12],
          [-7.5086e-12,  4.5430e-12,  9.6674e-12]],

         ...,

         [[-3.0904e-11, -2.7332e-11, -3.2067e-11],
          [-9.7074e-12, -7.1349e-14, -2.2563e-11],
          [-1.8268e-11, -5.3179e-11, -5.7966e-11]],

         [[-2.8889e-11, -3.3776e-11,  1.3447e-11],
          [-1.1736e-11, -1.5168e-11,  2.0672e-11],
          [-3.0443e-12, -2.9954e-11,  1.3277e-11]],

         [[ 1.5781e-11, -3.0641e-12,  9.4138e-12],
          [ 6.5963e-12, -1.2206e-11, -1.1616e-11],
          [-1.2396e-11, -2.5307e-12, -2.2004e-12]]],


        ...,


        [[[ 6.1614e-03,  1.0221e-02,  3.2019e-02],
          [-9.7678e-03,  8.3608e-03,  3.1791e-03],
          [-4.3208e-03,  3.8416e-03, -5.6723e-03]],

         [[-4.2198e-03, -3.1657e-03, -3.8787e-03],
          [-5.4686e-03, -1.0709e-02, -7.3685e-03],
          [ 4.3214e-03,  1.4765e-02,  5.6057e-03]],

         [[-1.0398e-02, -3.6952e-03, -1.6178e-03],
          [-1.6077e-02,  8.1136e-03, -1.9218e-02],
          [-1.0719e-02,  3.1362e-03,  2.6603e-03]],

         ...,

         [[-2.4294e-02, -1.5465e-02, -1.0110e-02],
          [-1.5161e-02, -4.7620e-03,  4.7018e-04],
          [ 2.9159e-03,  2.1349e-02,  2.3925e-02]],

         [[-4.7536e-03,  8.1287e-03, -8.2131e-03],
          [-1.0949e-02,  6.5255e-03,  1.0630e-02],
          [-1.0719e-02, -1.8481e-02, -1.4661e-02]],

         [[-1.2592e-02, -1.3875e-02, -2.6186e-02],
          [-1.1449e-02, -8.6690e-03, -1.7718e-02],
          [-7.1250e-04,  1.7749e-03,  2.6974e-05]]],


        [[[-1.7664e-02, -1.1850e-02, -2.1450e-02],
          [ 2.2293e-02, -1.8756e-03,  3.4721e-02],
          [ 1.9425e-02,  2.4864e-02,  4.9388e-03]],

         [[-2.5326e-04, -9.4949e-03, -3.9183e-03],
          [ 1.5244e-02, -1.3098e-02,  5.4734e-03],
          [-5.0626e-03, -5.9289e-03, -6.0697e-03]],

         [[-1.0284e-02, -9.6277e-03, -1.0918e-03],
          [-3.9791e-02, -2.1227e-02, -2.2235e-02],
          [-4.1125e-03,  1.1824e-02, -4.5393e-02]],

         ...,

         [[ 5.6401e-03,  1.9544e-03, -5.7486e-03],
          [ 3.1642e-02,  2.0235e-02, -1.1852e-03],
          [ 2.4936e-03,  2.9091e-02,  1.7748e-02]],

         [[ 1.4347e-02, -6.9180e-03, -2.4582e-03],
          [ 1.1858e-02, -2.4066e-02, -2.7381e-03],
          [-8.9803e-03, -2.2683e-04, -2.6646e-04]],

         [[-5.9002e-03, -1.1880e-02, -5.9334e-03],
          [-4.9632e-03, -8.0797e-03,  1.0557e-02],
          [-5.0363e-03, -1.6963e-02,  3.4868e-03]]],


        [[[-3.5033e-03, -1.5700e-02,  6.9013e-03],
          [-4.0171e-04, -1.6442e-02, -4.3590e-03],
          [-2.7911e-03, -9.9234e-03,  6.1880e-03]],

         [[-1.0925e-02, -1.7309e-02,  1.4737e-02],
          [-8.1877e-04,  3.1312e-03, -3.9494e-03],
          [-9.9013e-03, -6.2219e-03, -6.6438e-03]],

         [[ 2.0658e-04, -1.9412e-02, -7.2737e-03],
          [-1.4041e-02, -1.5182e-02, -2.2838e-03],
          [ 6.8726e-03, -1.6447e-02, -3.5580e-03]],

         ...,

         [[-7.4147e-03, -1.1371e-02,  8.2628e-03],
          [ 2.5921e-03,  7.4440e-03,  8.5680e-03],
          [ 1.9389e-03,  3.0858e-02,  6.6499e-03]],

         [[ 1.0216e-03,  1.2928e-03,  1.2824e-02],
          [-3.0262e-03, -1.8613e-02, -9.5777e-03],
          [-1.3063e-03, -4.7718e-03,  9.3577e-03]],

         [[-9.4412e-04,  1.3134e-02, -2.8617e-03],
          [-1.4755e-04,  1.3780e-02,  2.6985e-03],
          [ 5.6607e-03,  1.0949e-02, -3.9604e-03]]]], device='cuda:0',
       requires_grad=True)
module.features.6.bias Parameter containing:
tensor([ 2.2989e-02,  4.6065e-02, -1.1353e-10, -2.0808e-03, -1.3078e-02,
        -7.5193e-02,  2.2754e-03, -7.6076e-02,  1.2676e-01, -6.9047e-03,
         5.3297e-03, -3.0734e-02, -2.2964e-02,  1.8640e-03, -5.1822e-02,
        -4.0354e-02,  4.6632e-02,  3.8534e-02, -3.8361e-02, -3.2481e-02,
         2.0674e-02,  3.1040e-02, -3.0053e-02,  7.3865e-02, -1.9421e-03,
        -3.6371e-02,  2.8052e-02,  9.4903e-02, -3.7443e-02, -3.7865e-03,
         2.0258e-03, -1.7298e-02,  1.6808e-02,  1.9135e-02,  8.1256e-02,
        -5.7794e-02, -3.4362e-02,  1.4314e-03,  4.7756e-02, -8.6480e-03,
        -1.9742e-04, -1.3072e-02, -5.0134e-02, -6.7861e-02,  2.1720e-02,
         1.7217e-02,  2.7361e-02, -2.0702e-02,  2.4038e-02, -6.4479e-02,
         6.7291e-02, -6.6566e-02, -2.9607e-02,  5.0573e-02, -2.6806e-03,
         1.8607e-02,  8.6095e-02,  8.8181e-02, -2.3219e-02,  3.3373e-02,
         5.5839e-02, -3.9790e-02,  5.2259e-02,  3.7494e-03,  5.0929e-02,
        -1.2436e-01,  9.6060e-03,  8.6384e-02,  9.7769e-02,  1.9118e-02,
         2.5307e-02,  3.8287e-02,  2.7482e-03,  3.3298e-02, -4.4895e-02,
         2.7377e-02, -3.9878e-02, -5.2841e-11, -6.0777e-02,  3.0041e-02,
         9.5087e-04,  5.3746e-03,  1.0322e-02,  2.1007e-02,  4.0468e-02,
        -6.8417e-04,  8.4935e-03, -2.1013e-03, -3.9394e-02, -3.5395e-02,
        -1.1475e-01, -7.0535e-02,  6.6062e-02,  3.2468e-02,  7.8408e-02,
         4.0397e-03, -1.2585e-03,  3.6203e-02, -4.5703e-02, -6.7585e-02,
        -1.2524e-02,  2.9199e-02,  2.4611e-02, -2.1266e-02,  9.5136e-03,
         6.9164e-02,  6.7383e-03, -4.4819e-02, -7.7393e-02,  3.3726e-02,
         4.9171e-03, -1.4289e-03, -3.0291e-02, -2.8039e-02, -1.1807e-02,
         8.0474e-02, -2.2906e-02,  3.0293e-02, -1.4356e-02,  6.7202e-02,
         4.7881e-03, -4.5226e-02, -4.2402e-02,  4.6175e-02, -3.3232e-03,
        -8.0103e-04, -7.5492e-02,  1.4880e-02, -5.7303e-02,  1.3701e-03,
        -1.4462e-02, -3.9037e-02,  4.9889e-02,  2.5485e-02,  2.9257e-02,
        -2.9446e-02, -1.5897e-02, -1.5630e-02,  7.4648e-02,  2.5184e-02,
         2.6392e-02,  5.5678e-04,  2.2766e-03, -6.2838e-02, -2.7231e-03,
         5.0676e-02,  4.4646e-02, -8.1250e-02,  2.8850e-02,  4.2325e-02,
        -1.4466e-02, -9.8181e-03,  6.8772e-03, -1.2231e-02, -4.5990e-02,
        -2.6693e-02, -2.1439e-02,  3.4591e-02, -1.7190e-03, -3.8753e-02,
         1.1011e-02,  4.3017e-02, -1.6468e-02,  1.1136e-02, -1.4709e-02,
         4.8227e-02,  4.2668e-02, -2.7434e-02,  3.7792e-02,  3.3695e-02,
         8.0725e-02, -1.2010e-02, -4.7379e-02, -2.1022e-02,  4.4487e-02,
        -4.0693e-02, -1.3804e-02, -8.3393e-02, -1.3152e-02, -1.2267e-02,
        -7.0742e-02,  3.6825e-03,  5.6147e-02,  2.8406e-02,  2.0705e-02,
        -5.3470e-02,  4.0492e-02, -4.7942e-02,  3.2414e-03,  4.0171e-02,
        -2.6418e-02,  3.2477e-02, -3.8782e-02, -3.2978e-02, -2.5653e-02,
        -9.1187e-02,  5.5477e-02,  1.0694e-02, -7.0713e-02,  1.3424e-02,
        -9.9545e-03,  5.2541e-03,  1.8534e-02, -3.0410e-02,  9.8565e-02,
        -6.3111e-02,  1.6755e-02,  4.3451e-02,  3.1431e-02, -4.4226e-02,
         2.3030e-02,  5.2078e-03, -1.3421e-02,  1.1241e-02, -1.4873e-02,
        -1.2668e-02,  4.5609e-03,  3.7395e-02, -1.6449e-02, -3.5011e-02,
        -1.3248e-02, -3.3048e-02,  5.6628e-02,  3.9560e-02, -2.4898e-02,
        -2.5443e-02,  2.1202e-02, -4.1844e-03,  4.7820e-03,  7.6448e-03,
         4.4235e-02, -5.9652e-02, -3.1334e-02,  2.8789e-02, -6.9790e-11,
        -2.9682e-02, -6.5505e-02, -1.6138e-02,  7.7653e-02,  2.2637e-02,
         1.2401e-02, -5.6418e-02, -1.6834e-02,  3.5403e-02,  1.8646e-02,
        -8.7833e-02,  1.5579e-02, -2.1132e-02, -1.1477e-01,  1.7091e-02,
         8.6511e-02, -8.7137e-04, -1.1421e-01,  1.1036e-01, -3.9556e-02,
         1.1468e-01, -1.6487e-02, -1.0940e-01,  2.9159e-02, -6.0370e-04,
        -2.9139e-02,  7.3622e-03, -1.3507e-03,  1.4171e-01, -2.1850e-02,
         7.0907e-02, -1.6913e-02, -2.5293e-03, -3.3119e-02, -5.2601e-02,
        -1.4868e-02, -6.5826e-03, -7.6656e-02, -2.3576e-02, -5.7254e-03,
         3.6710e-03, -2.3348e-02, -1.3444e-01, -2.4222e-02, -1.6223e-03,
         2.8963e-02,  1.2810e-02,  5.1470e-03, -5.8283e-02, -5.5003e-02,
         5.3686e-02,  4.2722e-03, -1.4943e-02,  4.9062e-02, -5.4742e-02,
         5.2848e-02,  3.7184e-02, -5.2741e-02, -2.4582e-02, -5.5251e-03,
        -2.1701e-01, -2.8630e-02, -1.0995e-02, -3.2688e-03, -8.7799e-02,
         3.2785e-02,  4.7418e-02,  2.9518e-02, -2.8527e-02,  5.9426e-03,
         4.8207e-02,  1.7591e-02, -1.4775e-02,  3.7638e-02,  1.3729e-03,
        -7.6458e-03, -1.2367e-01,  3.4248e-02, -4.9555e-02,  4.0721e-02,
         4.8560e-02,  3.3116e-02,  1.0959e-02,  8.2565e-02,  4.7779e-03,
        -3.5692e-02, -3.8844e-02,  6.8656e-03,  2.2491e-02,  9.1712e-04,
        -4.3709e-02, -5.1374e-03, -9.6979e-03,  4.3800e-03,  8.9473e-02,
        -2.0923e-02,  4.8706e-02,  3.5588e-04, -2.8556e-02,  1.6791e-02,
         4.9597e-02,  5.1232e-02,  3.8560e-02,  1.4895e-02,  8.2931e-02,
         2.5614e-02,  3.2582e-02, -5.7003e-02, -4.1304e-02, -9.4183e-03,
         5.3161e-02,  3.5122e-02,  1.3491e-02,  4.6709e-02,  6.8060e-03,
        -2.2186e-01, -5.0732e-03, -1.4917e-02, -7.0294e-03,  9.8645e-03,
        -5.6059e-02,  2.1273e-02,  9.9861e-02, -2.3376e-02, -1.4406e-01,
        -4.4992e-11,  1.2381e-02,  5.3898e-02,  1.7030e-02, -4.6395e-02,
        -4.3647e-02,  4.8933e-02,  7.3666e-04,  5.0376e-02,  6.3913e-03,
         2.0841e-02,  3.6722e-02, -2.7028e-02,  2.4621e-02,  2.5560e-02,
        -9.1170e-03,  6.2047e-02, -9.5146e-03, -1.0522e-02,  2.1263e-02,
         1.4363e-02, -3.4776e-02,  6.5405e-03, -8.4275e-02], device='cuda:0',
       requires_grad=True)
module.features.8.weight Parameter containing:
tensor([[[[ 6.0696e-03,  1.1494e-02,  3.6300e-03],
          [ 9.0256e-03, -1.8672e-03, -7.1700e-03],
          [ 5.7178e-03, -6.4752e-03, -2.7772e-03]],

         [[-1.8889e-02, -1.4352e-02, -1.4289e-02],
          [ 1.7709e-03,  8.7097e-03, -1.1554e-04],
          [-1.0263e-02,  1.5472e-02,  1.5983e-03]],

         [[-5.1200e-12, -4.7084e-12, -1.5569e-12],
          [-9.2428e-12, -6.0020e-12, -2.9081e-12],
          [ 1.7335e-12, -5.8422e-12, -5.5003e-12]],

         ...,

         [[ 1.5100e-02,  3.0885e-02,  7.6747e-03],
          [ 1.3714e-02,  2.1263e-02,  6.6115e-03],
          [ 8.8006e-03,  3.5980e-03, -4.9048e-03]],

         [[ 1.4303e-02,  2.2670e-02,  1.5521e-02],
          [ 1.4424e-03,  2.2312e-02,  1.2126e-02],
          [ 6.6420e-03,  7.1103e-03,  1.4826e-03]],

         [[-9.6358e-03, -8.5347e-03,  1.3762e-02],
          [-7.3216e-03, -3.9142e-03,  2.5006e-03],
          [ 2.9635e-02,  5.0090e-03,  2.3389e-02]]],


        [[[ 7.2927e-03,  1.3990e-02,  1.0724e-02],
          [-1.2202e-02, -2.0877e-03,  2.4497e-03],
          [-2.7845e-03, -6.4601e-03, -1.3020e-02]],

         [[ 1.1125e-03,  3.0595e-03,  2.1008e-03],
          [-7.2715e-03, -1.4708e-03,  1.4264e-02],
          [-6.6857e-03, -5.7035e-03,  4.9594e-03]],

         [[ 2.0466e-12, -1.8906e-12, -4.2235e-12],
          [ 3.6009e-12, -5.0477e-12, -2.8785e-13],
          [-3.2730e-12,  3.0513e-12, -4.5869e-12]],

         ...,

         [[ 4.9455e-06, -6.2500e-03,  8.6897e-04],
          [ 4.1666e-03, -3.1536e-03, -2.9851e-03],
          [ 3.9536e-03,  3.0519e-03, -2.8883e-03]],

         [[ 4.5190e-03,  9.5324e-03, -5.5973e-03],
          [ 1.4403e-02,  2.3669e-02,  1.1189e-02],
          [-7.3631e-03, -8.9152e-03,  3.6291e-05]],

         [[ 2.9198e-03,  3.4659e-03,  2.0822e-03],
          [-8.3827e-03, -3.6341e-03,  4.5150e-03],
          [-7.6694e-04, -1.1119e-02,  3.4864e-04]]],


        [[[ 1.1436e-02,  7.3125e-03, -5.0818e-03],
          [ 8.0797e-03,  3.5173e-03,  5.6317e-03],
          [-5.2118e-03, -5.2501e-04,  1.0896e-02]],

         [[ 3.1985e-03, -2.8214e-03, -6.9513e-03],
          [ 7.5104e-03,  1.3069e-02,  2.6054e-03],
          [ 4.6208e-03,  1.1856e-02,  3.8442e-04]],

         [[-6.2366e-12, -8.4292e-12,  6.9090e-12],
          [-7.3760e-13, -1.0774e-11,  6.6504e-12],
          [ 7.2268e-12,  3.9102e-12,  2.6060e-11]],

         ...,

         [[ 1.2091e-02,  1.0921e-02,  5.1434e-03],
          [ 1.6535e-02,  2.5718e-03,  3.6989e-03],
          [ 6.4658e-03, -6.0517e-04,  3.8145e-03]],

         [[-4.8762e-03,  1.7084e-02,  3.3363e-03],
          [-8.7102e-03,  2.4740e-02, -9.3649e-03],
          [ 1.0411e-02, -2.1153e-02, -6.8138e-03]],

         [[-1.8852e-03,  4.9053e-03,  2.2631e-02],
          [-1.5584e-02, -1.4477e-02, -3.1424e-03],
          [-1.5157e-02, -7.5544e-03,  2.9922e-03]]],


        ...,


        [[[-2.9049e-03, -9.6014e-03,  8.1552e-03],
          [ 5.5531e-04, -4.8616e-03, -1.4857e-03],
          [-1.6919e-03, -6.8511e-03, -8.3746e-03]],

         [[-3.3143e-03, -8.0707e-03, -5.9960e-03],
          [ 3.8315e-03, -1.4695e-03,  1.8206e-03],
          [ 1.0431e-02,  1.2566e-02, -4.1488e-03]],

         [[ 4.1022e-12, -1.3660e-12,  5.6136e-12],
          [-4.3941e-12,  7.2771e-12, -2.8174e-12],
          [ 5.8660e-12, -4.3798e-12,  2.3624e-12]],

         ...,

         [[-2.2138e-02, -3.4509e-02, -1.5303e-02],
          [ 5.8780e-03, -7.7443e-03, -1.3028e-02],
          [ 3.6591e-03, -4.7074e-03, -5.8208e-03]],

         [[-9.2788e-03,  1.7941e-02,  6.8018e-03],
          [-9.6670e-03, -3.9925e-03, -8.7068e-05],
          [-9.5298e-04,  1.4249e-02,  6.2907e-03]],

         [[-7.3762e-03, -3.5588e-03,  4.5793e-03],
          [-1.6067e-02, -1.4283e-02,  6.0503e-03],
          [ 3.0131e-03, -9.2904e-03,  8.4411e-04]]],


        [[[ 3.8072e-03,  5.5316e-03, -1.1097e-02],
          [-9.1037e-04, -7.4749e-03, -7.1726e-03],
          [ 4.1741e-03, -3.8963e-03, -1.0723e-02]],

         [[ 6.4837e-03, -9.3437e-03, -5.3801e-03],
          [ 1.4342e-02,  6.6841e-03,  8.5380e-03],
          [ 4.0336e-02,  1.2041e-02, -1.2161e-03]],

         [[ 5.9000e-12, -4.2769e-12,  3.5890e-12],
          [ 7.3539e-14,  3.1784e-13, -7.6951e-13],
          [-4.6638e-12,  2.9006e-12,  7.3360e-12]],

         ...,

         [[ 1.5445e-02,  2.0082e-02,  2.1218e-02],
          [ 4.1200e-03, -1.1361e-02,  6.0497e-04],
          [-8.3997e-03, -1.2805e-02,  5.0818e-03]],

         [[-5.6150e-03,  4.7885e-04, -1.5260e-03],
          [-3.0836e-02,  5.6094e-02,  4.1879e-02],
          [ 7.1773e-03,  7.1381e-04, -7.7675e-03]],

         [[-4.9528e-03,  6.0508e-03,  1.4162e-02],
          [-3.2224e-02, -1.8747e-02,  7.7268e-03],
          [-1.9029e-02, -2.2758e-02, -8.9020e-03]]],


        [[[-7.1961e-03,  2.4824e-02, -1.6635e-02],
          [-2.0888e-02, -1.8819e-02, -1.4532e-02],
          [-9.3414e-03,  8.1671e-03,  1.0471e-02]],

         [[-7.2640e-03, -1.7544e-02, -8.0469e-03],
          [-1.2943e-02, -1.5075e-02,  1.0233e-02],
          [-9.7241e-03, -5.4432e-03,  1.1958e-02]],

         [[ 5.0877e-12,  4.7594e-12, -5.0666e-12],
          [-6.1879e-12, -6.0568e-12,  8.3698e-12],
          [ 7.2514e-12, -7.4473e-12, -6.8655e-12]],

         ...,

         [[-1.4980e-03,  1.9307e-02,  4.0651e-03],
          [ 1.1688e-02,  5.4256e-02, -2.4446e-03],
          [ 2.0877e-03,  3.1835e-02, -8.1806e-03]],

         [[-7.7943e-03, -1.5409e-04, -8.4756e-04],
          [ 9.5954e-03,  2.2598e-02, -1.1385e-02],
          [ 3.0648e-02,  1.8888e-02, -3.7228e-04]],

         [[ 4.4840e-03, -5.0176e-03,  3.6029e-03],
          [ 7.1592e-03, -2.9992e-03,  6.6849e-03],
          [ 3.8092e-03, -6.3035e-03,  4.2707e-03]]]], device='cuda:0',
       requires_grad=True)
module.features.8.bias Parameter containing:
tensor([ 1.5924e-04, -3.2094e-02, -3.2122e-02,  1.3564e-01, -7.0753e-03,
         3.8679e-02, -1.6204e-03,  4.8041e-03,  1.7422e-02,  6.7752e-03,
         1.1515e-02, -1.6976e-03,  3.2065e-02, -1.4127e-02, -6.7323e-02,
        -3.5456e-03,  3.1276e-02,  7.6233e-04,  1.1024e-01,  6.6861e-02,
         7.9876e-02,  4.1900e-02,  1.0817e-01, -1.1711e-03,  1.4145e-02,
         2.3007e-02,  8.5728e-02,  6.2876e-02,  3.8843e-02, -4.1442e-02,
         3.7062e-02, -1.2803e-02, -7.6406e-02,  1.4562e-02, -6.6444e-03,
         6.8771e-02, -2.4643e-03, -2.6871e-02, -8.6827e-04,  3.5544e-02,
        -2.0666e-02,  4.2171e-02,  3.4573e-02,  3.7683e-02,  1.9756e-02,
         2.2773e-02, -4.0171e-02, -7.5036e-03,  2.3129e-02,  2.1858e-01,
         3.4922e-02, -2.2628e-04, -3.5195e-02, -5.4985e-03, -1.4805e-02,
        -1.8209e-02,  1.0944e-01,  4.5081e-02, -1.7363e-02,  3.0633e-02,
        -5.0885e-02,  1.3002e-02,  1.2525e-01,  6.1393e-02,  5.8204e-03,
        -1.3971e-02, -1.1017e-01,  1.0312e-02,  3.4189e-03,  4.3513e-02,
         2.7940e-02,  4.9787e-02, -1.7461e-02, -3.4445e-02,  6.6908e-02,
         4.4859e-03, -2.3875e-02,  4.1717e-02,  1.0772e-02, -5.5523e-02,
         2.3447e-02,  1.9103e-02,  5.2103e-02, -6.6759e-03, -2.5578e-02,
        -3.1520e-02,  6.6067e-02, -1.5755e-02,  5.0178e-05,  1.5669e-02,
         4.5575e-02, -2.4905e-02,  5.9881e-02,  3.5784e-02,  9.5010e-02,
        -1.2248e-03, -4.3269e-02,  3.7500e-02, -1.9709e-03,  1.6372e-02,
         7.4788e-02, -1.6879e-02, -7.0482e-03,  9.8947e-02,  3.9188e-02,
         1.3291e-02,  3.5994e-02, -5.3089e-03,  2.2825e-02, -4.0789e-03,
        -1.9793e-02,  1.1807e-02,  5.3239e-02,  1.7984e-02, -1.6480e-01,
         1.5649e-02,  9.0944e-03,  2.9311e-02, -1.6147e-02,  1.6528e-02,
         2.0708e-03, -5.3421e-02, -7.9168e-02,  9.5062e-03, -8.1289e-03,
         1.2330e-01, -3.5713e-03,  3.9136e-02,  6.2880e-02, -1.9572e-02,
         6.2657e-02,  1.5928e-02,  7.6559e-02, -3.5810e-02, -6.9943e-02,
         2.2103e-02,  1.7934e-02,  4.6200e-02, -8.6761e-02,  6.8327e-02,
         1.2183e-01,  2.4326e-02,  5.8890e-02,  2.5734e-02, -6.0381e-02,
         1.0720e-01,  1.1797e-02,  7.0975e-02, -1.3143e-02,  6.7963e-02,
        -2.8435e-02,  9.3244e-02, -2.5903e-02, -3.7872e-02,  6.0831e-02,
        -8.5689e-02, -4.1217e-02, -1.0473e-02,  3.5658e-02, -3.0141e-02,
         2.2573e-02,  4.8987e-02, -1.0727e-02,  3.0916e-02,  1.2351e-01,
        -3.1270e-02,  3.5171e-02, -3.1266e-02,  2.0419e-02,  2.5206e-02,
        -1.2948e-02, -4.1413e-03,  8.8716e-02, -5.6151e-03,  6.4492e-02,
         1.8794e-02, -4.1638e-03,  5.0229e-02, -7.1443e-03, -1.9893e-02,
        -6.5622e-02,  6.3940e-02,  4.2352e-03,  2.8533e-02, -1.0264e-02,
         2.8379e-02,  5.7994e-03,  4.3584e-02,  6.7721e-02, -3.0252e-02,
        -1.9393e-02, -2.2407e-02,  4.2241e-03,  5.1154e-02,  4.3992e-02,
        -5.4526e-03,  4.3064e-02, -2.9542e-02,  1.9860e-02,  5.4835e-02,
        -4.8058e-03, -5.4773e-03,  1.5464e-02, -2.4189e-02, -4.8942e-02,
        -1.3584e-02, -3.2968e-02,  2.4521e-02,  1.3336e-02,  4.0171e-02,
         4.1653e-02,  4.9556e-02,  1.1925e-02,  5.6391e-03, -8.4567e-03,
         5.3924e-02,  2.9150e-02, -1.8345e-02, -3.3777e-02, -4.3906e-02,
         2.6292e-02, -2.2751e-02,  2.3946e-02, -7.6878e-02, -5.7519e-02,
         3.2309e-02,  4.1606e-02,  2.4484e-02,  5.7810e-03, -2.5649e-02,
        -1.3914e-02,  1.1421e-02,  3.7613e-02,  4.0547e-02,  1.2777e-02,
        -5.9738e-03, -6.9528e-02, -2.3979e-03, -2.6642e-02, -6.1395e-03,
         4.0870e-02,  1.1202e-01, -2.6590e-02, -2.2658e-02,  4.0970e-02,
        -8.0593e-02, -2.2033e-02,  1.2811e-01, -1.8321e-02,  1.1967e-03,
         3.0521e-02, -1.0759e-01,  2.4501e-02,  2.9742e-02,  4.7631e-02,
        -3.3172e-02], device='cuda:0', requires_grad=True)
module.features.10.weight Parameter containing:
tensor([[[[-1.4858e-03, -2.4283e-03,  8.5371e-03],
          [-7.6988e-03, -1.5637e-03,  4.9905e-03],
          [-4.6308e-03, -8.7163e-03,  5.7879e-03]],

         [[ 6.6655e-04, -1.9026e-03, -6.4135e-03],
          [-6.2199e-03, -4.3967e-03,  1.2153e-03],
          [-4.6242e-03,  1.4647e-03,  2.1821e-03]],

         [[ 2.7950e-03,  3.9525e-04, -3.4503e-03],
          [ 1.0516e-02,  5.2685e-03,  1.6235e-03],
          [ 2.8609e-03,  1.1697e-02,  6.4697e-04]],

         ...,

         [[-2.1986e-03, -3.4445e-03, -4.7842e-03],
          [-9.8532e-03, -1.5679e-03,  1.0331e-02],
          [-3.2380e-03,  2.2996e-03,  1.8998e-03]],

         [[-5.4632e-04, -1.2682e-02, -4.1853e-03],
          [ 4.5660e-03,  1.3938e-02, -1.8330e-03],
          [ 1.4149e-02,  2.0498e-02,  1.7984e-02]],

         [[ 2.8224e-02,  9.2124e-03, -8.8960e-03],
          [ 1.5676e-03, -6.9227e-03, -7.1931e-03],
          [-5.8766e-03, -1.0198e-02, -1.4559e-02]]],


        [[[ 3.3849e-02,  2.7807e-02,  2.0301e-02],
          [-5.5822e-03, -1.0838e-02, -9.3766e-03],
          [-8.1056e-03, -1.3388e-02, -1.5282e-02]],

         [[-5.8622e-03, -3.8699e-03, -9.3540e-03],
          [-3.7129e-03, -3.7090e-03, -3.6911e-03],
          [-6.2404e-03, -4.8905e-03, -2.6786e-04]],

         [[ 4.3518e-03, -1.1855e-03,  1.3760e-02],
          [-5.7226e-03,  1.4337e-04,  1.5259e-02],
          [-1.8099e-02, -6.9028e-03,  5.0154e-03]],

         ...,

         [[-5.8412e-03, -6.0359e-03, -1.8592e-03],
          [-6.9139e-03,  2.6536e-03,  1.6563e-02],
          [ 6.0721e-04,  2.0200e-02,  2.1511e-02]],

         [[-5.3851e-03, -2.5592e-03,  1.4740e-02],
          [-1.7645e-02,  1.4982e-02,  3.9569e-02],
          [-2.6812e-02,  1.5322e-03,  5.0644e-02]],

         [[-8.2630e-03, -4.5644e-03, -8.7642e-03],
          [-4.3976e-03, -1.1870e-03, -5.5508e-03],
          [ 1.3211e-03,  2.0698e-03, -5.4339e-03]]],


        [[[ 1.9418e-02,  1.1479e-03, -1.1498e-02],
          [-2.8776e-03,  1.1790e-02,  2.4696e-02],
          [ 3.6418e-03,  1.6907e-02,  2.8643e-02]],

         [[ 4.9064e-03,  9.8438e-03,  1.4197e-02],
          [-1.3155e-03, -1.6961e-03, -1.0417e-02],
          [ 2.0914e-04,  1.3219e-03, -9.9682e-03]],

         [[-2.6661e-03, -4.1927e-04, -5.7972e-04],
          [-2.6655e-03, -1.1393e-03, -4.3227e-03],
          [-7.3038e-03, -1.4960e-03,  3.4787e-03]],

         ...,

         [[-1.9951e-03, -2.6947e-03, -9.1114e-03],
          [ 3.6926e-02, -4.1014e-03, -2.4536e-02],
          [-1.6599e-03,  1.7847e-03, -7.1582e-03]],

         [[-6.7330e-04,  2.1286e-04, -3.7030e-03],
          [-4.2948e-03,  5.0055e-03, -3.0641e-05],
          [-1.1625e-02, -9.5673e-04, -3.1358e-03]],

         [[-1.1343e-02, -8.0230e-03, -8.5161e-04],
          [-4.9192e-03,  2.9201e-03,  1.3305e-03],
          [ 2.6400e-04,  1.8075e-03,  1.3224e-02]]],


        ...,


        [[[-1.7606e-02, -5.2115e-03,  3.7889e-02],
          [-9.8000e-03, -3.9225e-03,  6.4238e-04],
          [-2.4330e-02, -2.4415e-02, -1.9940e-02]],

         [[-4.0729e-03, -3.4881e-03, -5.1965e-03],
          [-4.8118e-03,  1.9936e-03,  3.3252e-03],
          [-1.5185e-03,  1.3626e-02,  1.3768e-02]],

         [[ 1.0369e-03, -3.9250e-04,  5.4005e-03],
          [ 5.2857e-03, -2.2661e-03, -2.0496e-03],
          [-7.4681e-03, -4.1591e-03, -1.3336e-02]],

         ...,

         [[-1.7440e-03,  8.2686e-04, -2.6958e-03],
          [-2.9001e-03, -3.1757e-04,  2.8319e-04],
          [-2.4486e-03,  2.5282e-03, -5.6846e-04]],

         [[-1.1437e-03, -3.1956e-04,  4.6010e-05],
          [-8.7230e-03,  7.8744e-04,  1.1556e-02],
          [-1.6965e-02,  2.9735e-03,  7.8325e-03]],

         [[ 4.5414e-02,  2.2950e-02, -1.7914e-03],
          [-3.9363e-03, -5.7754e-03,  1.5210e-03],
          [ 2.1724e-04,  4.2989e-03, -6.6410e-03]]],


        [[[-7.3872e-03, -4.9383e-04,  5.9943e-03],
          [-1.3027e-02, -6.5198e-03,  8.6150e-03],
          [-1.7558e-02, -4.4111e-03, -7.8628e-04]],

         [[-1.1580e-02, -7.5577e-03, -1.1061e-02],
          [-1.1731e-02, -3.9672e-03,  1.5443e-03],
          [-9.4003e-03,  9.0458e-04,  2.4148e-02]],

         [[-3.0595e-03,  8.1252e-03,  2.7350e-02],
          [-4.6977e-03, -4.8113e-03, -1.0836e-02],
          [-8.1253e-03, -6.7849e-03, -1.8652e-02]],

         ...,

         [[-8.4830e-04, -2.8067e-03, -2.2135e-03],
          [ 2.5661e-02,  7.6764e-03, -2.4703e-02],
          [ 4.0010e-03,  5.4451e-03, -1.5745e-02]],

         [[-1.4077e-02,  1.4973e-02,  1.9564e-02],
          [-1.5402e-02,  1.8634e-02,  2.1194e-03],
          [-1.6732e-02,  2.0658e-02, -4.1531e-03]],

         [[ 7.4452e-03,  3.0664e-03, -6.7598e-03],
          [ 1.7532e-02,  8.9892e-03,  1.4962e-03],
          [ 1.7145e-02,  7.2055e-03,  1.9880e-04]]],


        [[[-1.2217e-02, -2.1865e-02, -1.5449e-02],
          [-6.4933e-03, -6.8990e-03, -7.7043e-03],
          [-3.8877e-03, -3.6700e-06,  3.4384e-03]],

         [[ 2.9099e-03,  5.9348e-03,  1.5408e-02],
          [-6.3892e-03, -1.0081e-02, -2.8924e-05],
          [-5.3714e-03, -9.5128e-03, -2.3343e-04]],

         [[ 3.1142e-03,  7.9138e-03, -3.9860e-04],
          [ 4.6763e-03,  4.5461e-03, -2.1222e-03],
          [-1.8840e-03,  4.0144e-03, -5.4183e-04]],

         ...,

         [[-4.0270e-03, -6.1373e-03, -7.4898e-03],
          [-4.8114e-03, -1.0698e-02, -1.1089e-02],
          [ 3.9615e-04, -6.2662e-03,  7.4916e-03]],

         [[ 1.1654e-02,  5.9747e-03, -8.6373e-05],
          [-1.1473e-03,  5.2538e-03,  5.8216e-03],
          [-7.6677e-03, -1.8032e-03, -3.6936e-04]],

         [[-6.4009e-03, -1.4401e-02, -1.0320e-02],
          [ 3.9303e-03,  9.4175e-03,  2.1001e-03],
          [ 5.5204e-03,  8.9532e-03,  4.8868e-03]]]], device='cuda:0',
       requires_grad=True)
module.features.10.bias Parameter containing:
tensor([ 2.0107e-02,  2.3432e-02,  2.9973e-02,  4.1202e-03,  2.2926e-02,
         7.1345e-03,  3.4739e-02,  3.3413e-03, -9.1143e-03, -3.3138e-03,
         2.1170e-02,  7.8891e-03, -6.8567e-03,  2.0305e-02,  7.1671e-04,
         1.3637e-02,  2.0972e-02,  2.6931e-02,  1.8006e-02,  2.2007e-02,
         2.3866e-02, -5.9114e-03,  8.3889e-03, -6.2763e-03,  2.5983e-02,
        -2.9270e-04,  1.0476e-02,  2.4198e-02,  1.4312e-02,  1.6399e-03,
         3.2420e-02,  1.2889e-02, -7.0676e-04, -8.4251e-03,  1.9550e-02,
         2.0529e-02,  1.6605e-02,  1.9060e-02,  5.4039e-03, -6.9815e-03,
         3.0601e-03,  2.7380e-02,  2.1200e-02,  9.7580e-03,  1.5842e-02,
         2.4340e-02,  3.3352e-02,  1.3826e-02, -9.8084e-03,  2.7941e-02,
         1.2790e-02,  1.7795e-02,  1.1619e-02,  5.6044e-03,  1.7802e-02,
         9.0815e-03,  1.9463e-03,  1.3116e-02,  1.6494e-02,  1.6094e-02,
         1.8770e-02,  1.6361e-02,  7.9896e-03,  2.3611e-02,  9.4324e-03,
         4.6688e-03,  1.5028e-02,  2.1222e-02,  1.8511e-02, -5.1529e-03,
         7.8998e-03, -6.8705e-03,  1.4745e-03,  3.4200e-02,  9.2829e-03,
         7.8016e-03,  3.5395e-02,  1.1750e-02,  7.3929e-03,  1.8693e-02,
         2.4905e-02,  2.6459e-02,  2.1783e-02,  1.4170e-02,  3.2225e-02,
         1.6661e-02,  9.0788e-03,  1.1265e-03,  7.8298e-03,  3.1205e-02,
         2.7582e-02,  2.9513e-02,  1.2473e-02,  2.1823e-02,  1.9838e-02,
        -7.8411e-04, -1.8718e-02,  2.7008e-02,  5.0536e-03,  1.2865e-02,
         2.7548e-02,  2.3930e-02,  1.6302e-02,  7.7449e-03,  2.2176e-02,
         1.7711e-02,  1.4466e-02,  2.3694e-02,  6.2947e-03,  4.1458e-04,
         1.6994e-02,  1.9817e-02,  9.3397e-03,  1.0062e-02,  2.5296e-02,
         5.8542e-03,  3.0225e-02,  1.4559e-02,  1.9798e-02,  1.3716e-02,
         1.6815e-02,  1.4419e-02,  2.4244e-02,  1.6982e-02,  1.6402e-02,
         8.1490e-03,  1.3200e-02,  7.0726e-03,  1.4280e-02,  1.5504e-02,
         1.3000e-02,  8.7651e-03,  1.0681e-02, -2.9687e-04,  2.2097e-02,
        -1.8910e-03,  8.1425e-03,  1.7273e-02,  2.4548e-03,  1.4982e-02,
         9.5115e-04,  1.4689e-02, -2.7508e-03,  8.8434e-03,  2.0341e-02,
         3.3936e-02,  1.6119e-02,  1.7144e-02,  2.5630e-02,  2.0161e-02,
         6.7787e-03,  3.5240e-02,  1.6935e-02,  1.6999e-02,  1.2113e-02,
         1.9396e-02,  1.4347e-02,  3.9491e-03,  2.0944e-02,  3.0573e-02,
         1.0821e-02,  2.0759e-02,  2.1687e-02,  2.1860e-02,  2.9195e-02,
         5.3992e-03,  2.1939e-02, -1.9036e-03,  9.4270e-03,  1.3692e-02,
         1.7700e-02,  9.0634e-03,  1.3947e-02,  3.3682e-02,  4.6250e-02,
         2.5193e-02,  1.5626e-02,  2.7777e-02,  8.8688e-03, -1.1691e-02,
         1.0094e-02,  3.6397e-03,  1.6901e-02,  1.7422e-02,  1.6541e-02,
         3.4672e-02, -2.0193e-02,  4.8131e-03,  1.2526e-02,  9.1976e-03,
         9.3187e-03,  1.5484e-02,  1.7168e-02,  1.5289e-02,  1.7893e-02,
         1.2822e-02,  2.0303e-02,  7.8479e-03, -2.6970e-03,  1.5082e-02,
         8.1837e-03,  1.9447e-02,  2.9175e-02, -2.3175e-02,  4.9519e-03,
         2.2132e-02,  1.0677e-03,  1.7090e-02, -4.6917e-03,  1.1297e-02,
         1.5829e-02,  2.6058e-02,  1.2286e-02,  1.4883e-02, -3.6515e-03,
         2.5364e-02,  2.8558e-02,  1.1486e-02,  1.8762e-03,  2.5398e-02,
        -1.5549e-03, -8.0996e-03,  3.0748e-02,  2.2773e-02,  4.2647e-02,
         1.3917e-02,  9.0930e-03,  5.1880e-03,  4.7811e-03,  3.1344e-02,
        -6.5236e-03,  1.6213e-02,  3.4740e-02,  7.2410e-03,  1.4080e-02,
         4.3345e-03,  2.1805e-02, -9.9860e-03,  1.5349e-02,  2.9311e-02,
         1.7599e-02, -7.0881e-03, -4.2196e-03, -9.7530e-11,  2.2623e-02,
         2.1863e-02,  3.0611e-02,  1.8999e-02,  2.0408e-02,  1.1781e-02,
         1.9389e-02,  7.0290e-03, -5.1642e-03,  1.4987e-02,  2.3028e-02,
        -4.9679e-03], device='cuda:0', requires_grad=True)
module.classifier.1.weight Parameter containing:
tensor([[ 0.0008,  0.0017, -0.0025,  ...,  0.0005, -0.0042, -0.0035],
        [-0.0006, -0.0009,  0.0046,  ..., -0.0012,  0.0004,  0.0005],
        [-0.0037, -0.0002, -0.0021,  ...,  0.0002, -0.0024, -0.0020],
        ...,
        [-0.0018, -0.0031,  0.0031,  ..., -0.0037,  0.0093,  0.0097],
        [-0.0005,  0.0026, -0.0011,  ...,  0.0028, -0.0015, -0.0025],
        [ 0.0075,  0.0038,  0.0009,  ..., -0.0001, -0.0019, -0.0030]],
       device='cuda:0', requires_grad=True)
module.classifier.1.bias Parameter containing:
tensor([0.0292, 0.0214, 0.0136,  ..., 0.0150, 0.0189, 0.0298], device='cuda:0',
       requires_grad=True)
module.classifier.4.weight Parameter containing:
tensor([[-2.3678e-03,  1.2959e-03, -4.9399e-04,  ..., -7.4659e-04,
          1.5353e-03, -1.3479e-03],
        [ 3.8249e-03, -2.2099e-05,  3.4297e-03,  ...,  5.2244e-03,
          3.6884e-03, -3.9676e-03],
        [ 8.5265e-03,  3.6546e-04,  4.3612e-03,  ..., -2.2713e-03,
          3.4486e-03,  4.9915e-03],
        ...,
        [ 4.1380e-03, -1.1433e-04,  4.6629e-03,  ...,  5.8317e-03,
         -6.5436e-04, -3.9736e-03],
        [ 1.7728e-04,  1.1316e-04,  3.1251e-04,  ...,  1.6253e-04,
          1.7201e-04, -2.9344e-04],
        [ 8.9356e-04, -8.2024e-04,  8.8298e-04,  ..., -1.5334e-03,
          1.1560e-03,  1.3845e-03]], device='cuda:0', requires_grad=True)
module.classifier.4.bias Parameter containing:
tensor([0.0127, 0.0205, 0.0408,  ..., 0.0260, 0.0016, 0.0196], device='cuda:0',
       requires_grad=True)
module.classifier.6.weight Parameter containing:
tensor([[ 0.0080, -0.0813,  0.0564,  ..., -0.0381,  0.0012,  0.0234],
        [ 0.0176, -0.0044,  0.0156,  ..., -0.0438, -0.0008,  0.0101],
        [-0.0436,  0.0687,  0.0486,  ...,  0.0197,  0.0027,  0.0159],
        ...,
        [-0.0049,  0.0284, -0.1092,  ...,  0.0303,  0.0018,  0.0118],
        [-0.0008,  0.0018,  0.0606,  ...,  0.0079, -0.0039, -0.0332],
        [ 0.0939,  0.0161,  0.0064,  ..., -0.0464,  0.0014, -0.0432]],
       device='cuda:0', requires_grad=True)
module.classifier.6.bias Parameter containing:
tensor([ 0.0239, -0.0150, -0.0550,  0.0522,  0.0394, -0.0083,  0.0167,  0.0250,
        -0.0441, -0.0350], device='cuda:0', requires_grad=True)
